1034
1033
1032
1031
1030
1025
1024
1023
1022
1021
1020
1015
1014
1013
1012
1011
1010
1005
1004
1003
1002
1001
1000
555
554
553
552
551
550
545
544
543
542
541
540
535
534
533
532
531
530
525
524
351
350
345
344
343
342
341
340
335
334
333
332
331
330
325
324
323
322
321
320
315
314
313
312
311
310
305
304
303
302
301
300
255
254
253
252
251
250
245
244
243
242
241
240
235
234
233
232
231
230
225
224
223
222
221
220
215
214
213
212
211
210
205
204
203
202
201
200
155
154
153
152
151
150
145
144
143
142
141
140
135
134
133
132
131
130
125
124
123
122
121
120
115
114
113
112
111
110
105
104
103
102
101
100
55
54
53
52
51
50
45
44
43
42
41
40
35
34
33
32
31
30
25
24
23
22
21
20
15
14
13
12
11
10
5
4
3
2
1